assignment <- 'Analyze the attached data. Pick an appropriate model for each data set, checking assumptions. Submit appropriatly commented R code only. No write-up is required.'

dat1 <- structure(list(x1 = c(-0.196756382113886, 1.70909039656724, 1.39215793100227,  -0.0864408060077695, 1.07657951147667, -1.51797611892011, -0.449068966521459,  0.235594458867675, -0.573423878623677, 1.21782489367276, 0.486980099219303,  0.0364608354925093, 1.05337215598348, 1.906517492223, 0.502483435151291,  -1.31495183404716, 0.833151774640715, 1.08017824641286, 1.00738431179339,  -0.813795482612505, 0.0676835600297792, 1.4881202368671, 1.24210578519611,  1.35020940893203, -0.711947372419978, 0.863654870794651, -0.359863492043895,  -2.47089294306885, -0.502443233046764, 0.616104263554607, -1.03717301738989,  -0.247309174191073, -0.529665181723831, -1.41558788283579, -3.00435086406692,  0.0830066992671355, 0.964855161890131, 0.185805659725324, 1.0845740674308,  0.424275646669212, 0.96043672430767, -0.747889591848014, -0.0448401484453784,  -2.04715210346069, -1.04922138438307, 0.28728273489846, 0.0018860204725288,  0.191502130100304, 0.199495525219181, 0.0977648651743691, 0.334202853714421,  -0.137476540557063, 0.672583440248734, 0.677530039580252, 0.363922476907856,  0.742029566308175, 1.08066721717584, 0.437698732235591, 1.44490231183369,  0.569812119501023, -0.975874612303535, -0.757770113377026, 0.349246722525747,  0.0786138446040614, -0.727672782364866, -0.454022260175555, 0.337473289378223,  -0.718390221343129, -1.18573104976891, -1.4964246344457, -1.13852780295241,  1.12235236496511, -0.426392695474694, 0.3040992133651, 0.245694392038551,  0.962296779336822, -0.314791091674851, -0.985502315401904, -1.81898419254026,  0.492925357428079, -0.168929970557022, -0.598169940363437, 0.854944376834554,  0.975079903141957, -0.126843808278342, 0.629859887279046, 1.54009276233966,  -0.0668902554872257, 1.13119592700944, -0.408703925974562, -1.65791624699137,  0.890606360568101, -0.0352229139442137, -0.211427997106994, -0.605431895683695,  0.641614179678115, -1.02082318667225, -0.436001439637373, 0.040719335301848,  -0.487974176303533, 0.700701854831294, 0.144514906860338, -0.138772830358997,  1.16966172343633, 0.0992419915905941, -0.99451520676126, 0.798587803015226,  -0.107151835734518, 0.560167618956997, 1.25560905679433, 0.791419970636204,  0.481942827277317, -0.378052328543333, -0.135376623097781, -0.693007305356348,  1.52104301103617, -0.166836174618894, 0.24455850042162, 0.594840836276465,  -1.20116385012591, -0.0775626536900322, 2.32429723216634, -1.236236803841,  -0.147404094033804, -0.26864943370596, -0.0324726801635567, -1.59243089294434,  -2.04682533257994, -1.56254882167011, 0.882100670512951, 1.40854324162909,  -0.700171388926097, -0.224351735682598, -0.74411991881582, -2.16930539530222,  0.118553405993517, 1.81274744818978, 0.447022623764957, 0.141918240082882,  0.443515376860364, 0.0403420804162477, -0.0810231935896909, -0.244543642283593,  0.051980882752517, 0.359853128696843, 1.10130654356157, 0.526188708044651,  1.32695634207343, 0.503832083911193, 0.334590808718171, -0.436348783375007,  -0.377182177011375, -1.15293264413584, 0.586830864963169, 1.66393190671017,  0.583564004715154, -0.944416032860788, -0.587645730070787, -0.384690822184422,  -0.0314814751394825, 0.272415995682517, 0.182929462982819, 0.17180541789529,  0.643837828465696, 0.103352849235128, 2.08855190270405, -1.39064442209483,  -0.567991741356171, 1.05528949875242, -0.684579132013422, -0.459066986394296,  1.0801078411477, 0.290251784825341, 0.196770339991144, 0.193572206847469,  -0.233605165911549, 1.4398834324658, -0.30615368699708, -2.54049211611735,  -0.881178364043921, 0.232781636833082, -0.493052300319937, -0.944737898122216,  -0.523674554729771, -0.12297819628944, 1.24678195530367, -0.700315557566476,  -0.323647133220926, 0.0161531316731643, 0.224461020687888, 0.644144711773235,  -0.415948189686257, -0.900931641850216, -0.877332490273789, -0.886022490755322,  -0.150600542034487, 3.2291567041779, 2.29929565990451, -0.545879068737178,  -0.698829223264564), x2 = c(1L, 0L, 1L, 0L, 0L, 0L, 0L, 0L, 1L,  1L, 1L, 0L, 0L, 1L, 0L, 0L, 0L, 1L, 1L, 1L, 1L, 1L, 0L, 1L, 0L,  0L, 1L, 1L, 1L, 1L, 0L, 1L, 0L, 1L, 0L, 1L, 0L, 0L, 0L, 1L, 0L,  0L, 1L, 0L, 1L, 0L, 1L, 1L, 1L, 1L, 1L, 1L, 0L, 0L, 1L, 0L, 0L,  0L, 0L, 0L, 0L, 1L, 1L, 1L, 0L, 1L, 1L, 0L, 0L, 1L, 0L, 0L, 0L,  1L, 1L, 0L, 0L, 0L, 0L, 1L, 0L, 1L, 0L, 1L, 0L, 1L, 0L, 0L, 0L,  1L, 0L, 1L, 1L, 0L, 0L, 0L, 1L, 1L, 1L, 1L, 0L, 1L, 1L, 0L, 0L,  1L, 1L, 0L, 0L, 1L, 0L, 0L, 1L, 1L, 1L, 1L, 1L, 0L, 0L, 0L, 0L,  0L, 0L, 1L, 0L, 0L, 0L, 0L, 0L, 1L, 0L, 0L, 0L, 0L, 0L, 0L, 1L,  0L, 1L, 1L, 1L, 0L, 1L, 1L, 1L, 0L, 1L, 1L, 0L, 1L, 1L, 1L, 1L,  1L, 1L, 0L, 1L, 0L, 1L, 1L, 0L, 0L, 0L, 1L, 0L, 0L, 0L, 0L, 0L,  0L, 0L, 1L, 1L, 0L, 1L, 1L, 1L, 1L, 0L, 1L, 0L, 0L, 1L, 1L, 0L,  1L, 1L, 0L, 0L, 0L, 0L, 1L, 0L, 1L, 0L, 1L, 0L, 0L, 1L, 1L),